<!DOCTYPE matches-cache>
<matches version="1.0" >
 <match status="0" error="0.0733057" old_volume="0.0489196" conflict="2714 2666 2677 2678 2683 2688 2690 2695 2699 2750 2752 2847 3084 3104 3158 3159 3192 147 148 214 215 443 868 871 936 937 1039 1080 1172 1212 1309 1459 1586 1779 1860 2592 2600" num_conflicts="     1" tgt="WDC1_0030" overlap="0.988171" volume="2.10773" id="  2710" src="WDC1_0050" xf="-9.75542823499999989245e-01 2.19809461699999986184e-01 0.00000000000000000000e+00 4.42243253400000000397e+01 -2.19809461699999986184e-01 -9.75542823499999989245e-01 0.00000000000000000000e+00 6.88858750200000002906e+01 0.00000000000000000000e+00 0.00000000000000000000e+00 1.00000000000000000000e+00 0.00000000000000000000e+00 0.00000000000000000000e+00 0.00000000000000000000e+00 0.00000000000000000000e+00 1.00000000000000000000e+00 " />
 <match status="0" error="0.0863478" old_volume="0.0686715" conflict="2668 2679 2680 2691 2694 2894 2983 149 150 264 430 436 438 446 450 452 460 825 992 1038 1307 1415 1669 1670 1584 1835 2123 2235 2197 2330 2490 3227 3228" num_conflicts="     2" tgt="WDC1_0030" overlap="11.2477" volume="2.10773" id="  2711" src="WDC1_0050" xf="6.98453006399999964948e-01 7.15655921400000005761e-01 0.00000000000000000000e+00 -2.36748305399999985354e+01 -7.15655921400000005761e-01 6.98453006399999964948e-01 0.00000000000000000000e+00 -1.03093768400000001861e+02 0.00000000000000000000e+00 0.00000000000000000000e+00 1.00000000000000000000e+00 0.00000000000000000000e+00 0.00000000000000000000e+00 0.00000000000000000000e+00 0.00000000000000000000e+00 1.00000000000000000000e+00 " />
 <match status="0" error="0.319569" old_volume="0.190045" conflict="2714 2692 3142 455 458 873 874 875 1308 1677 1577 1580 1582 1748 2540 2542 2671 2689 2700 2704 2754 2797 2798 2849 2897 2949 3056 3086 3162 3232 311 3247 3260 3261 3279 1086 1128 1209 1213 1255 1256 3284 3285 1462 1838 1968 1929 1987 2103 2322 2323 2324 2402 2663" num_conflicts="    38" tgt="WDC1_0030" overlap="2.38685" volume="1.9644" id="  2713" src="WDC1_0075" xf="1.78308699900000013072e-02 -9.99841017399999976156e-01 0.00000000000000000000e+00 -4.28454594600000007176e+01 9.99841017399999976156e-01 1.78308699900000013072e-02 0.00000000000000000000e+00 4.91158409100000028502e+01 0.00000000000000000000e+00 0.00000000000000000000e+00 1.00000000000000000000e+00 0.00000000000000000000e+00 0.00000000000000000000e+00 0.00000000000000000000e+00 0.00000000000000000000e+00 1.00000000000000000000e+00 " />
 <match status="0" error="0.366104" old_volume="0.249017" conflict="2710 2713 443 937 1309 1586 2540 2542 2666 2677 2678 2683 2688 2690 2695 2699 2754 2798 2849 2897 2949 3056 3086 3142 147 148 3232 3247 3261 873 3279 1039 1086 1212 1255 3284 3285 1779 1860 2322 2323 2324 2402 2333 2600" num_conflicts="    39" tgt="WDC1_0030" overlap="4.98302" volume="2.30139" id="  2714" src="WDC1_0075" xf="9.95023740900000008835e-01 9.96381207400000024066e-02 0.00000000000000000000e+00 5.05282842800000011607e+01 -9.96381207400000024066e-02 9.95023740900000008835e-01 0.00000000000000000000e+00 1.61108194900000007976e+01 0.00000000000000000000e+00 0.00000000000000000000e+00 1.00000000000000000000e+00 0.00000000000000000000e+00 0.00000000000000000000e+00 0.00000000000000000000e+00 0.00000000000000000000e+00 1.00000000000000000000e+00 " />
 <match status="0" error="0.379745" old_volume="0.227873" conflict="3202 431 433 437 439 445 453 457 2990 3087 3233 826 1747 2424 2491" num_conflicts="     7" tgt="WDC1_0030" overlap="1.78386" volume="1.35922" id="  2715" src="WDC1_0075" xf="2.52932951500000002820e-01 -9.67483809700000030318e-01 0.00000000000000000000e+00 4.39329420199999987062e+01 9.67483809700000030318e-01 2.52932951500000002820e-01 0.00000000000000000000e+00 -4.78987247499999995171e+01 0.00000000000000000000e+00 0.00000000000000000000e+00 1.00000000000000000000e+00 0.00000000000000000000e+00 0.00000000000000000000e+00 0.00000000000000000000e+00 0.00000000000000000000e+00 1.00000000000000000000e+00 " />
 <match status="0" error="0.203499" old_volume="0.17179" tgt="WDC1_0030" overlap="37.3799" volume="16.3256" id="  2712" src="WDC1_0051" xf="-6.18530138899999970548e-01 -7.85761075200000047580e-01 0.00000000000000000000e+00 4.89551420800000016698e+01 7.85761075200000047580e-01 -6.18530138899999970548e-01 0.00000000000000000000e+00 -3.40800265100000032703e+01 0.00000000000000000000e+00 0.00000000000000000000e+00 1.00000000000000000000e+00 0.00000000000000000000e+00 0.00000000000000000000e+00 0.00000000000000000000e+00 0.00000000000000000000e+00 1.00000000000000000000e+00 " />
 <match status="0" error="0.131827" old_volume="0.0865124" conflict="2706 2752 2754 2717 2735 2743 2747 2748 152 432 441 447 461 462 1130 1211 1497 1578 1579 1581 1861 1930 1931 1988 2055 2492 2547 2601 2667 2750" num_conflicts="     2" tgt="WDC1_0030" overlap="1.28772" volume="2.16408" id="  2664" src="WDC1_0031" xf="9.44813546400000037195e-01 -3.27608550800000009051e-01 0.00000000000000000000e+00 -3.54075942500000024893e+01 3.27608550800000009051e-01 9.44813546400000037195e-01 0.00000000000000000000e+00 -1.86684073200000000270e+01 0.00000000000000000000e+00 0.00000000000000000000e+00 1.00000000000000000000e+00 0.00000000000000000000e+00 0.00000000000000000000e+00 0.00000000000000000000e+00 0.00000000000000000000e+00 1.00000000000000000000e+00 " />
 <match status="0" error="0.151097" old_volume="0.0843842" tgt="WDC1_0030" overlap="4.87667" volume="11.9243" id="  2665" src="WDC1_0031" xf="-8.91633811099999951111e-01 -4.52757271500000002540e-01 0.00000000000000000000e+00 4.56461721699999998236e+01 4.52757271500000002540e-01 -8.91633811099999951111e-01 0.00000000000000000000e+00 1.01247184200000006626e+00 0.00000000000000000000e+00 0.00000000000000000000e+00 1.00000000000000000000e+00 0.00000000000000000000e+00 0.00000000000000000000e+00 0.00000000000000000000e+00 0.00000000000000000000e+00 1.00000000000000000000e+00 " />
 <match status="0" error="0.126727" old_volume="0.126822" conflict="2710 2714 2667 2677 2678 2683 2687 2688 2690 2695 2716 2717 2797 2798 2758 2760 2761 2764 2768 2783 2784 2787 147 148 443 456 936 937 1039 1212 1309 1499 1586 1779 1990 2265 2493 2551 2762 2770 2772 2774 2776 54 1042 1860 1862 2058 2339 2600 2603" num_conflicts="    14" tgt="WDC1_0030" overlap="17.3655" volume="3.11353" id="  2666" src="WDC1_0032" xf="7.73785136200000001061e-01 -6.33448153300000038612e-01 0.00000000000000000000e+00 4.26184600200000005543e+01 6.33448153300000038612e-01 7.73785136200000001061e-01 0.00000000000000000000e+00 1.79491666000000016368e+01 0.00000000000000000000e+00 0.00000000000000000000e+00 1.00000000000000000000e+00 0.00000000000000000000e+00 0.00000000000000000000e+00 0.00000000000000000000e+00 0.00000000000000000000e+00 1.00000000000000000000e+00 " />
 <match status="0" error="0.128237" old_volume="0.0686479" conflict="2666 2664 2706 2717 2797 2798 2758 2760 2761 2764 2768 2783 2784 2787 432 447 1211 1499 1579 1581 1988 2055 2265 2493 2547 2551 2762 2770 2772 2774 2776 54 1042 1862 2058 2339 2603" num_conflicts="    12" tgt="WDC1_0030" overlap="0.00762822" volume="3.17372" id="  2667" src="WDC1_0032" xf="-7.61069215599999959743e-01 6.48670678400000033648e-01 0.00000000000000000000e+00 -5.01108680700000022057e+01 -6.48670678400000033648e-01 -7.61069215599999959743e-01 0.00000000000000000000e+00 -1.06230756300000006576e+01 0.00000000000000000000e+00 0.00000000000000000000e+00 1.00000000000000000000e+00 0.00000000000000000000e+00 0.00000000000000000000e+00 0.00000000000000000000e+00 0.00000000000000000000e+00 1.00000000000000000000e+00 " />
 <match status="0" error="0.102076" old_volume="0.09785" conflict="2711 2674 2675 2679 2680 2685 2686 2691 2694 2701 2848 2799 2816 2825 2827 2831 430 436 438 446 448 450 452 460 825 1038 1222 1307 1415 1583 1584 1592 1595 1866 1868 2067 2123 2128 2197 2269 2330 2332 2429 2432 2490 2847 1419" num_conflicts="     3" tgt="WDC1_0030" overlap="7.39265" volume="2.63396" id="  2668" src="WDC1_0033" xf="-3.39138744800000002666e-01 9.40736366799999945698e-01 0.00000000000000000000e+00 -2.63933400599999998803e+01 -9.40736366799999945698e-01 -3.39138744800000002666e-01 0.00000000000000000000e+00 -8.58582212900000030231e+01 0.00000000000000000000e+00 0.00000000000000000000e+00 1.00000000000000000000e+00 0.00000000000000000000e+00 0.00000000000000000000e+00 0.00000000000000000000e+00 0.00000000000000000000e+00 1.00000000000000000000e+00 " />
 <match status="0" error="0.145049" old_volume="0.154176" tgt="WDC1_0030" overlap="24.2407" volume="10.4637" id="  2669" src="WDC1_0034" xf="5.10372905099999996104e-01 -8.59953195100000011841e-01 0.00000000000000000000e+00 6.01799414899999973727e+01 8.59953195100000011841e-01 5.10372905099999996104e-01 0.00000000000000000000e+00 -1.83618939700000005644e+01 0.00000000000000000000e+00 0.00000000000000000000e+00 1.00000000000000000000e+00 0.00000000000000000000e+00 0.00000000000000000000e+00 0.00000000000000000000e+00 0.00000000000000000000e+00 1.00000000000000000000e+00 " />
 <match status="0" error="0.187056" old_volume="0.167414" tgt="WDC1_0030" overlap="30.7344" volume="8.92537" id="  2670" src="WDC1_0035" xf="-8.79667145400000016764e-01 4.75589858300000001279e-01 0.00000000000000000000e+00 -7.05474859499999951140e+01 -4.75589858300000001279e-01 -8.79667145400000016764e-01 0.00000000000000000000e+00 -3.42887137700000010909e+01 0.00000000000000000000e+00 0.00000000000000000000e+00 1.00000000000000000000e+00 0.00000000000000000000e+00 0.00000000000000000000e+00 0.00000000000000000000e+00 0.00000000000000000000e+00 1.00000000000000000000e+00 " />
 <match status="0" error="0.19582" old_volume="0.160086" conflict="2713 2689 2692 2700 2708 2910 2911 435 444 458 539 542 549 553 563 832 933 947 948 951 955 1308 1311 1577 1580 1582 1714 1717 1791 2548 2609 2610 2614 1128 1209 1213 1421 1422 1929 1987" num_conflicts="     7" tgt="WDC1_0030" overlap="8.73826" volume="3.92758" id="  2671" src="WDC1_0035" xf="-9.96589377599999992619e-01 -8.25203755199999944292e-02 0.00000000000000000000e+00 -4.29320793199999997114e+01 8.25203755199999944292e-02 -9.96589377599999992619e-01 0.00000000000000000000e+00 8.10902572300000059613e+01 0.00000000000000000000e+00 0.00000000000000000000e+00 1.00000000000000000000e+00 0.00000000000000000000e+00 0.00000000000000000000e+00 0.00000000000000000000e+00 0.00000000000000000000e+00 1.00000000000000000000e+00 " />
 <match status="0" error="0.197992" old_volume="0.187731" tgt="WDC1_0030" overlap="53.0544" volume="11.3122" id="  2672" src="WDC1_0035" xf="-9.22403583100000035166e-01 3.86227432799999992330e-01 0.00000000000000000000e+00 -6.61148196900000044707e+01 -3.86227432799999992330e-01 -9.22403583100000035166e-01 0.00000000000000000000e+00 -3.42672976699999978223e+01 0.00000000000000000000e+00 0.00000000000000000000e+00 1.00000000000000000000e+00 0.00000000000000000000e+00 0.00000000000000000000e+00 0.00000000000000000000e+00 0.00000000000000000000e+00 1.00000000000000000000e+00 " />
 <match status="0" error="0.205284" old_volume="0.188634" tgt="WDC1_0030" overlap="25.384" volume="19.7982" id="  2673" src="WDC1_0035" xf="9.81066246699999977565e-01 1.93672454500000007505e-01 0.00000000000000000000e+00 8.76353749499999992167e+01 -1.93672454500000007505e-01 9.81066246699999977565e-01 0.00000000000000000000e+00 -3.00289553699999984815e+01 0.00000000000000000000e+00 0.00000000000000000000e+00 1.00000000000000000000e+00 0.00000000000000000000e+00 0.00000000000000000000e+00 0.00000000000000000000e+00 0.00000000000000000000e+00 1.00000000000000000000e+00 " />
 <match status="0" error="0.207701" old_volume="0.148152" conflict="2668 2675 2679 2680 2685 2686 2694 2701 2908 2914 430 436 438 446 448 460 498 500 504 1583 1584 1607 1608 1609 2073 2074 2197 2330 2332 2490 2946 2950 2942 62 1049 2136" num_conflicts="     7" tgt="WDC1_0030" overlap="2.15362" volume="2.32859" id="  2674" src="WDC1_0035" xf="9.89852075800000008599e-01 -1.42101611900000007749e-01 0.00000000000000000000e+00 -5.61422041300000032038e+01 1.42101611900000007749e-01 9.89852075800000008599e-01 0.00000000000000000000e+00 -5.52244783200000028955e+01 0.00000000000000000000e+00 0.00000000000000000000e+00 1.00000000000000000000e+00 0.00000000000000000000e+00 0.00000000000000000000e+00 0.00000000000000000000e+00 0.00000000000000000000e+00 1.00000000000000000000e+00 " />
 <match status="0" error="0.222556" old_volume="0.146073" conflict="2668 2674 2679 2680 2685 2686 2706 2918 2929 2930 441 446 448 460 494 499 506 518 534 538 566 1583 1606 1793 2207 2208 2611 2613 2802 2803 2853 2933 2934 2898 2939 1872 1938 2135 2197 2330 2332" num_conflicts="    15" tgt="WDC1_0030" overlap="2.48817" volume="2.03949" id="  2675" src="WDC1_0035" xf="-7.72780946799999979291e-01 -6.34672835599999984879e-01 0.00000000000000000000e+00 -4.95050172500000016385e+01 6.34672835599999984879e-01 -7.72780946799999979291e-01 0.00000000000000000000e+00 -6.71477050799999943820e+01 0.00000000000000000000e+00 0.00000000000000000000e+00 1.00000000000000000000e+00 0.00000000000000000000e+00 0.00000000000000000000e+00 0.00000000000000000000e+00 0.00000000000000000000e+00 1.00000000000000000000e+00 " />
 <match status="0" error="0.163106" old_volume="0.112871" tgt="WDC1_0030" overlap="7.24863" volume="13.2031" id="  2676" src="WDC1_0036" xf="-4.59749075700000009448e-01 -8.88048865400000053683e-01 0.00000000000000000000e+00 6.29961169099999978016e+01 8.88048865400000053683e-01 -4.59749075700000009448e-01 0.00000000000000000000e+00 -1.69435607200000006856e+01 0.00000000000000000000e+00 0.00000000000000000000e+00 1.00000000000000000000e+00 0.00000000000000000000e+00 0.00000000000000000000e+00 0.00000000000000000000e+00 0.00000000000000000000e+00 1.00000000000000000000e+00 " />
 <match status="0" error="0.187266" old_volume="0.143461" conflict="2710 2666 2714 2678 2688 2699 2857 2993 2997 3019 2998 3020 3001 3002 3004 3006 3007 2991 3015 3017 443 449 459 595 598 603 963 1328 1427 1623 1624 1625 1800 1801 2145 2278 2333 2488 2489 2502 2503 2504 2619 2621 2683 2760 2761 3018 2996 2999 3000 3003 3005 147 273 274 1212 1512 1940 1941" num_conflicts="    18" tgt="WDC1_0030" overlap="0.401502" volume="1.02974" id="  2677" src="WDC1_0037" xf="9.96389236499999997321e-01 -8.49028234499999978624e-02 0.00000000000000000000e+00 3.51922037200000019652e+01 8.49028234499999978624e-02 9.96389236499999997321e-01 0.00000000000000000000e+00 2.40408406899999995687e+01 0.00000000000000000000e+00 0.00000000000000000000e+00 1.00000000000000000000e+00 0.00000000000000000000e+00 0.00000000000000000000e+00 0.00000000000000000000e+00 0.00000000000000000000e+00 1.00000000000000000000e+00 " />
 <match status="0" error="0.21624" old_volume="0.183338" conflict="2710 2666 2677 2714 2699 2857 3020 3001 3002 3006 3007 2991 3015 3017 443 449 459 595 598 603 963 1328 1427 1623 1624 1625 1800 1801 2145 2278 2333 2488 2489 2502 2503 2504 2619 2621 2683 2760 2761 2993 3018 2996 2997 3019 2998 2999 3000 3003 3004 3005 147 273 274 1212 1512 1940 1941" num_conflicts="    24" tgt="WDC1_0030" overlap="0.288536" volume="2.51007" id="  2678" src="WDC1_0037" xf="9.99868130399999999192e-01 -1.62395136400000014709e-02 0.00000000000000000000e+00 3.73500615100000032953e+01 1.62395136400000014709e-02 9.99868130399999999192e-01 0.00000000000000000000e+00 2.16687876899999984914e+01 0.00000000000000000000e+00 0.00000000000000000000e+00 1.00000000000000000000e+00 0.00000000000000000000e+00 0.00000000000000000000e+00 0.00000000000000000000e+00 0.00000000000000000000e+00 1.00000000000000000000e+00 " />
 <match status="0" error="0.251245" old_volume="0.163063" conflict="2711 2668 2674 2675 2680 2685 2686 2691 2694 3049 3053 3055 3027 3028 3057 3030 430 436 438 446 448 450 452 460 610 611 612 613 838 840 1331 1332 1430 1583 1584 1628 2214 2216 2490 2506 2701 2809 2810 2811 2907 2953 3048 3056 3032 3033 3035 179 1038 1144 1415 2149 2197 2330 2332" num_conflicts="    23" tgt="WDC1_0030" overlap="0.440694" volume="2.6643" id="  2679" src="WDC1_0038" xf="9.66565749599999968211e-01 -2.56418898999999977928e-01 0.00000000000000000000e+00 -1.83250105999999988171e+01 2.56418898999999977928e-01 9.66565749599999968211e-01 0.00000000000000000000e+00 -3.94262933799999970574e+01 0.00000000000000000000e+00 0.00000000000000000000e+00 1.00000000000000000000e+00 0.00000000000000000000e+00 0.00000000000000000000e+00 0.00000000000000000000e+00 0.00000000000000000000e+00 1.00000000000000000000e+00 " />
 <match status="0" error="0.257205" old_volume="0.244963" conflict="2711 2668 2674 2675 2679 2685 2686 2691 2694 2991 3029 3031 3038 3039 3043 3046 430 436 438 441 446 448 450 452 460 607 608 609 616 617 825 839 1234 1307 1330 1336 1338 1583 1584 1626 1627 1804 2080 2490 2701 2706 2733 2762 2859 2952 3024 3025 3034 3037 66 180 276 1038 1057 1231 1232 1415 1429 1513 1880 1942 2003 2123 2197 2330 2332 2359 2505 2570 2623" num_conflicts="    36" tgt="WDC1_0030" overlap="4.82747" volume="2.74293" id="  2680" src="WDC1_0038" xf="2.08370008500000009066e-01 9.78050070100000001894e-01 0.00000000000000000000e+00 -1.81205302500000016153e+01 -9.78050070100000001894e-01 2.08370008500000009066e-01 0.00000000000000000000e+00 -3.56506491600000003928e+01 0.00000000000000000000e+00 0.00000000000000000000e+00 1.00000000000000000000e+00 0.00000000000000000000e+00 0.00000000000000000000e+00 0.00000000000000000000e+00 0.00000000000000000000e+00 1.00000000000000000000e+00 " />
 <match status="0" error="0.153161" old_volume="0.148506" tgt="WDC1_0030" overlap="43.0412" volume="6.32192" id="  2681" src="WDC1_0039" xf="9.47708016600000036078e-01 -3.19138708400000026266e-01 0.00000000000000000000e+00 1.95230985100000005161e+01 3.19138708400000026266e-01 9.47708016600000036078e-01 0.00000000000000000000e+00 4.43306701500000031047e+01 0.00000000000000000000e+00 0.00000000000000000000e+00 1.00000000000000000000e+00 0.00000000000000000000e+00 0.00000000000000000000e+00 0.00000000000000000000e+00 0.00000000000000000000e+00 1.00000000000000000000e+00 " />
 <match status="0" error="0.169859" old_volume="0.113011" tgt="WDC1_0030" overlap="3.74172" volume="6.05145" id="  2682" src="WDC1_0039" xf="9.94712744800000048251e-01 -1.02696423199999997689e-01 0.00000000000000000000e+00 3.54719190300000022376e+01 1.02696423199999997689e-01 9.94712744800000048251e-01 0.00000000000000000000e+00 3.35656734700000001226e+01 0.00000000000000000000e+00 0.00000000000000000000e+00 1.00000000000000000000e+00 0.00000000000000000000e+00 0.00000000000000000000e+00 0.00000000000000000000e+00 0.00000000000000000000e+00 1.00000000000000000000e+00 " />
 <match status="0" error="0.176272" old_volume="0.126703" conflict="2710 2666 2714 2677 2678 2688 2690 2695 2699 2861 2862 2863 2910 3063 3088 3070 3081 3082 443 456 619 620 937 968 969 970 1039 1309 1586 1779 2081 2083 2285 2287 2333 2442 2447 2448 2507 2626 2627 2628 2629 2763 2766 2767 2812 2815 2817 2818 2860 3059 3060 3061 3085 3065 3086 3071 3074 3076 3079 3080 147 148 181 1146 1212 1514 1515 1629 1630 1860 1881 1883 2600" num_conflicts="    34" tgt="WDC1_0030" overlap="15.6122" volume="4.23066" id="  2683" src="WDC1_0039" xf="9.79607149300000035197e-01 -2.00922455299999996869e-01 0.00000000000000000000e+00 3.18696322999999992476e+01 2.00922455299999996869e-01 9.79607149300000035197e-01 0.00000000000000000000e+00 3.52285709900000014727e+01 0.00000000000000000000e+00 0.00000000000000000000e+00 1.00000000000000000000e+00 0.00000000000000000000e+00 0.00000000000000000000e+00 0.00000000000000000000e+00 0.00000000000000000000e+00 1.00000000000000000000e+00 " />
 <match status="0" error="0.176146" old_volume="0.154846" tgt="WDC1_0030" overlap="50.7031" volume="11.751" id="  2684" src="WDC1_0040" xf="9.85102629400000040505e-01 -1.71967466399999990845e-01 0.00000000000000000000e+00 -1.25562192100000000750e+01 1.71967466399999990845e-01 9.85102629400000040505e-01 0.00000000000000000000e+00 -4.28832363499999971168e+01 0.00000000000000000000e+00 0.00000000000000000000e+00 1.00000000000000000000e+00 0.00000000000000000000e+00 0.00000000000000000000e+00 0.00000000000000000000e+00 0.00000000000000000000e+00 1.00000000000000000000e+00 " />
 <match status="0" error="0.271484" old_volume="0.18241" conflict="2668 2674 2675 2679 2680 3141 3116 460 2156 3113 847 2197" num_conflicts="     8" tgt="WDC1_0030" overlap="0" volume="1.28899" id="  2685" src="WDC1_0041" xf="6.21852163699999960222e-01 7.83134654199999946655e-01 0.00000000000000000000e+00 -2.11466733399999995413e+01 -7.83134654199999946655e-01 6.21852163699999960222e-01 0.00000000000000000000e+00 -6.13953361900000018636e+01 0.00000000000000000000e+00 0.00000000000000000000e+00 1.00000000000000000000e+00 0.00000000000000000000e+00 0.00000000000000000000e+00 0.00000000000000000000e+00 0.00000000000000000000e+00 1.00000000000000000000e+00 " />
 <match status="0" error="0.293061" old_volume="0.214537" conflict="2668 2674 2675 2679 2680 3141 3116 448 460 1583 2637 3113 3128 847 2197" num_conflicts="     9" tgt="WDC1_0030" overlap="0" volume="3.98675" id="  2686" src="WDC1_0041" xf="7.76281037199999968124e-01 6.30386985400000043889e-01 0.00000000000000000000e+00 -1.60502039600000010466e+01 -6.30386985400000043889e-01 7.76281037199999968124e-01 0.00000000000000000000e+00 -5.94203316299999997341e+01 0.00000000000000000000e+00 0.00000000000000000000e+00 1.00000000000000000000e+00 0.00000000000000000000e+00 0.00000000000000000000e+00 0.00000000000000000000e+00 0.00000000000000000000e+00 1.00000000000000000000e+00 " />
 <match status="0" error="0.303204" old_volume="0.17167" conflict="2666 2690 3110 456 934 936 1309 1342 1585 1586 1587 1779 2688 2695 2696 2868 2920 3132 148 284 846 1039 1701 1778 2511 2600" num_conflicts="    15" tgt="WDC1_0030" overlap="0" volume="2.51005" id="  2687" src="WDC1_0041" xf="6.55721008899999957542e-01 -7.55003283800000035697e-01 0.00000000000000000000e+00 4.74585899799999992865e+01 7.55003283800000035697e-01 6.55721008899999957542e-01 0.00000000000000000000e+00 3.80358604799999966417e+01 0.00000000000000000000e+00 0.00000000000000000000e+00 1.00000000000000000000e+00 0.00000000000000000000e+00 0.00000000000000000000e+00 0.00000000000000000000e+00 0.00000000000000000000e+00 1.00000000000000000000e+00 " />
 <match status="0" error="0.19094" old_volume="0.177007" conflict="2710 2666 2677 2683 2714 2687 2690 2695 2738 2922 3028 3108 3109 3151 443 456 936 937 1039 1309 1586 1779 2222 2300 2301 2638 2640 2770 2772 2823 2999 3000 3065 3157 3158 3159 3160 3144 3146 147 148 187 286 1062 1212 1521 1522 1860 1891 1950 1951 2011 2368 2453 2600" num_conflicts="    32" tgt="WDC1_0030" overlap="5.01156" volume="1.03294" id="  2688" src="WDC1_0042" xf="-5.65080867399999964285e-01 8.25035522399999998733e-01 0.00000000000000000000e+00 3.18335274199999993527e+01 -8.25035522399999998733e-01 -5.65080867399999964285e-01 0.00000000000000000000e+00 2.33419411100000004922e+01 0.00000000000000000000e+00 0.00000000000000000000e+00 1.00000000000000000000e+00 0.00000000000000000000e+00 0.00000000000000000000e+00 0.00000000000000000000e+00 0.00000000000000000000e+00 1.00000000000000000000e+00 " />
 <match status="0" error="0.206837" old_volume="0.160329" conflict="2671 2713 2700 3028 3109 3151 435 455 458 1308 1580 1582 1815 2299 2512 2642 2704 2708 2738 2770 2772 2823 2999 3157 3158 3160 3144 3146 286 1062 1128 1521 1522 1642 1950" num_conflicts="    20" tgt="WDC1_0030" overlap="1.11993" volume="2.51007" id="  2689" src="WDC1_0042" xf="6.58013301600000044544e-01 7.53006304699999962082e-01 0.00000000000000000000e+00 -4.80360025700000008442e+01 -7.53006304699999962082e-01 6.58013301600000044544e-01 0.00000000000000000000e+00 3.32664061500000016736e+01 0.00000000000000000000e+00 0.00000000000000000000e+00 1.00000000000000000000e+00 0.00000000000000000000e+00 0.00000000000000000000e+00 0.00000000000000000000e+00 0.00000000000000000000e+00 1.00000000000000000000e+00 " />
 <match status="0" error="0.334554" old_volume="0.115443" conflict="2710 2666 2683 2687 2688 2714 2691 2692 2693 3030 3031 3111 3112 3199 3200 3177 3178 3183 3185 3186 3187 456 936 937 1309 1524 1525 1526 1586 2514 2695 2739 2773 2871 2929 2930 2931 2932 2961 3001 3002 3068 3069 3070 3091 3188 3189 3190 3191 3192 3195 3196 3197 3163 3166 3167 3168 3169 3170 3171 3172 3173 3174 3176 147 148 852 979 1039 1065 1212 1523 1779 1817 1860 1952 1953 2012 2090 2160 2161 2223 2302 2303 2369 2513 2578 2600 2643 2644 2645" num_conflicts="    66" tgt="WDC1_0030" overlap="4.01212" volume="0" id="  2690" src="WDC1_0043" xf="-1.76990875200000008505e-01 9.84212492299999963663e-01 0.00000000000000000000e+00 2.56354050300000011475e+01 -9.84212492299999963663e-01 -1.76990875200000008505e-01 0.00000000000000000000e+00 3.17960776900000006151e+01 0.00000000000000000000e+00 0.00000000000000000000e+00 1.00000000000000000000e+00 0.00000000000000000000e+00 0.00000000000000000000e+00 0.00000000000000000000e+00 0.00000000000000000000e+00 1.00000000000000000000e+00 " />
 <match status="0" error="0.338008" old_volume="0.142905" conflict="2711 2668 2679 2680 2690 2692 2693 2694 3030 3031 3111 3112 3199 3200 3178 3183 3186 3187 436 438 446 450 452 460 1307 1524 1525 1584 2514 2739 2773 2871 2929 2930 2931 2932 2961 3001 3002 3068 3069 3070 3091 3189 3190 3191 3192 3195 3196 3197 3163 3166 3167 3168 3169 3170 3173 3174 3176 3177 825 1038 1065 1415 1523 1952 2012 2090 2123 2160 2161 2197 2223 2302 2303 2369 2490 2513 2643 2644 2645" num_conflicts="    57" tgt="WDC1_0030" overlap="0.100496" volume="0" id="  2691" src="WDC1_0043" xf="5.04826406199999966340e-01 -8.63220886899999984010e-01 0.00000000000000000000e+00 -8.19235572000000011883e+00 8.63220886899999984010e-01 5.04826406199999966340e-01 0.00000000000000000000e+00 -4.94736983700000010344e+01 0.00000000000000000000e+00 0.00000000000000000000e+00 1.00000000000000000000e+00 0.00000000000000000000e+00 0.00000000000000000000e+00 0.00000000000000000000e+00 0.00000000000000000000e+00 1.00000000000000000000e+00 " />
 <match status="0" error="0.342414" old_volume="0.155328" conflict="2713 2671 2690 2691 2693 3030 3031 3111 3112 3199 3200 3183 3186 3187 1308 1524 1525 1580 1582 2514 2700 2739 2773 2871 2929 2930 2931 2932 2961 3001 3002 3068 3069 3070 3091 3189 3190 3191 3192 3195 3196 3197 3163 3166 3167 3168 3169 3170 3173 3174 3176 3177 3178 1065 1209 1213 1523 1577 1929 1952 1987 2012 2090 2160 2161 2223 2302 2303 2369 2513 2643 2644 2645" num_conflicts="    57" tgt="WDC1_0030" overlap="0" volume="2.51007" id="  2692" src="WDC1_0043" xf="9.99646080500000033808e-01 -2.66028916000000011099e-02 0.00000000000000000000e+00 -5.11116249999999965326e+01 2.66028916000000011099e-02 9.99646080400000025534e-01 0.00000000000000000000e+00 2.74198074799999993445e+01 0.00000000000000000000e+00 0.00000000000000000000e+00 1.00000000000000000000e+00 0.00000000000000000000e+00 0.00000000000000000000e+00 0.00000000000000000000e+00 0.00000000000000000000e+00 1.00000000000000000000e+00 " />
 <match status="0" error="0.35964" old_volume="0.13487" conflict="2690 2691 2692 3030 3031 3111 3112 3183 3186 3187 440 442 451 931 2514 2739 2773 2871 2929 2930 2931 2932 2961 3001 3002 3068 3069 3070 3091 3189 3190 3191 3192 3195 3196 3197 3199 3200 3163 3166 3167 3168 3169 3170 3173 3174 3176 3177 3178 51 149 150 264 824 1065 1127 1523 1524 1525 1780 1952 2012 2090 2160 2161 2223 2302 2303 2369 2424 2513 2546 2643 2644 2645" num_conflicts="    63" tgt="WDC1_0030" overlap="4.53814" volume="2.51007" id="  2693" src="WDC1_0043" xf="-6.24702726099999994247e-01 -7.80862666500000024428e-01 0.00000000000000000000e+00 2.94482339899999985278e+01 7.80862666500000024428e-01 -6.24702726099999994247e-01 0.00000000000000000000e+00 -6.01690443399999992380e+01 0.00000000000000000000e+00 0.00000000000000000000e+00 1.00000000000000000000e+00 0.00000000000000000000e+00 0.00000000000000000000e+00 0.00000000000000000000e+00 0.00000000000000000000e+00 1.00000000000000000000e+00 " />
 <match status="0" error="0.366906" old_volume="0.133869" conflict="2711 2668 2674 2679 2680 2691 430 436 438 446 450 452 460 1307 1583 1584 1732 2701 3029 3066 3110 3181 150 825 1038 1415 2123 2197 2330 2455 2490 2646" num_conflicts="    21" tgt="WDC1_0030" overlap="3.3978" volume="0" id="  2694" src="WDC1_0043" xf="-9.86765384200000039705e-01 -1.62154483799999998839e-01 0.00000000000000000000e+00 -1.15324315699999999651e+01 1.62154483799999998839e-01 -9.86765384200000039705e-01 0.00000000000000000000e+00 -5.09550358299999999190e+01 0.00000000000000000000e+00 0.00000000000000000000e+00 1.00000000000000000000e+00 0.00000000000000000000e+00 0.00000000000000000000e+00 0.00000000000000000000e+00 0.00000000000000000000e+00 1.00000000000000000000e+00 " />
 <match status="0" error="0.195472" old_volume="0.186623" conflict="2710 2666 2683 2688 2714 2687 2690 2696 2700 2872 3216 3217 443 456 633 636 642 652 934 936 937 1039 1309 1585 1586 1587 1701 1733 1778 1779 2306 2647 2826 3071 147 148 196 1212 1860 2162 2370 2516 2579 2600" num_conflicts="    16" tgt="WDC1_0030" overlap="0.0504266" volume="1.24375" id="  2695" src="WDC1_0044" xf="9.84037949400000000466e-01 1.77958742899999994291e-01 0.00000000000000000000e+00 3.99543571000000028448e+01 -1.77958742899999994291e-01 9.84037949400000000466e-01 0.00000000000000000000e+00 3.26025457399999964991e+01 0.00000000000000000000e+00 0.00000000000000000000e+00 1.00000000000000000000e+00 0.00000000000000000000e+00 0.00000000000000000000e+00 0.00000000000000000000e+00 0.00000000000000000000e+00 1.00000000000000000000e+00 " />
 <match status="0" error="0.196783" old_volume="0.127809" conflict="2695 2687 3205 3211 3213 426 427 454 631 635 649 655 853 854 934 981 1156 1305 1312 1346 1585 1587 1701 1778 1818 2092 2304 2305 2307 2825 3003 3163 80 81 3218 148 194 1154 1155 1437 1644 1893 1954 2015 2580 2600" num_conflicts="    18" tgt="WDC1_0030" overlap="7.86891" volume="1.49904" id="  2696" src="WDC1_0044" xf="-6.74628560000000043750e-01 -7.38157372099999986581e-01 0.00000000000000000000e+00 3.27314575899999979924e+01 7.38157372099999986581e-01 -6.74628560000000043750e-01 0.00000000000000000000e+00 5.06615698100000031445e+01 0.00000000000000000000e+00 0.00000000000000000000e+00 1.00000000000000000000e+00 0.00000000000000000000e+00 0.00000000000000000000e+00 0.00000000000000000000e+00 0.00000000000000000000e+00 1.00000000000000000000e+00 " />
 <match status="0" error="0.212685" old_volume="0.181506" tgt="WDC1_0030" overlap="33.9861" volume="5.19159" id="  2697" src="WDC1_0044" xf="-2.87529397200000013876e-03 9.99995866300000035842e-01 0.00000000000000000000e+00 -3.05743802699999989159e+01 -9.99995866300000035842e-01 -2.87529397200000013876e-03 0.00000000000000000000e+00 -4.01412751800000009439e+01 0.00000000000000000000e+00 0.00000000000000000000e+00 1.00000000000000000000e+00 0.00000000000000000000e+00 0.00000000000000000000e+00 0.00000000000000000000e+00 0.00000000000000000000e+00 1.00000000000000000000e+00 " />
 <match status="0" error="0.216409" old_volume="0.195852" tgt="WDC1_0030" overlap="14.6439" volume="7.23935" id="  2698" src="WDC1_0044" xf="7.34746366200000000646e-01 6.78341932499999966666e-01 0.00000000000000000000e+00 5.65129369200000013507e+01 -6.78341932499999966666e-01 7.34746366200000000646e-01 0.00000000000000000000e+00 -6.53754669999999982188e-01 0.00000000000000000000e+00 0.00000000000000000000e+00 1.00000000000000000000e+00 0.00000000000000000000e+00 0.00000000000000000000e+00 0.00000000000000000000e+00 0.00000000000000000000e+00 1.00000000000000000000e+00 " />
 <match status="0" error="0.217113" old_volume="0.166546" conflict="2710 2677 2678 2683 2714 2873 3114 443 449 459 2333 2488 2489 2740 3004 3093 3221 3203 3204 3214 3215 147 197 1067 1068" num_conflicts="    16" tgt="WDC1_0030" overlap="0" volume="1.12087" id="  2699" src="WDC1_0044" xf="3.20028628300000006490e-01 -9.47407872600000033891e-01 0.00000000000000000000e+00 5.55113002599999987297e+01 9.47407872600000033891e-01 3.20028628300000006490e-01 0.00000000000000000000e+00 2.17587819799999984127e+01 0.00000000000000000000e+00 0.00000000000000000000e+00 1.00000000000000000000e+00 0.00000000000000000000e+00 0.00000000000000000000e+00 0.00000000000000000000e+00 0.00000000000000000000e+00 1.00000000000000000000e+00 " />
 <match status="0" error="0.217964" old_volume="0.153622" conflict="2671 2689 2695 2713 2692 3216 455 642 652 1308 1580 1582 2306 2826 2872 3071 196 1929 1987 2162 2370 2516 2579 2647" num_conflicts="    14" tgt="WDC1_0030" overlap="0.255254" volume="2.3133" id="  2700" src="WDC1_0044" xf="5.69120195699999997796e-02 -9.98379197500000037380e-01 0.00000000000000000000e+00 -5.31500944699999990917e+01 9.98379197500000037380e-01 5.69120195699999997796e-02 0.00000000000000000000e+00 4.30094805700000009097e+01 0.00000000000000000000e+00 0.00000000000000000000e+00 1.00000000000000000000e+00 0.00000000000000000000e+00 0.00000000000000000000e+00 0.00000000000000000000e+00 0.00000000000000000000e+00 1.00000000000000000000e+00 " />
 <match status="0" error="0.234273" old_volume="0.219821" conflict="2668 2674 2679 2680 2694 3232 430 436 438 446 450 452 460 1583 1584 2490 2742 2827 2828 2829 2875 2876 2934 3204 3229 3224 3226 1038 1071 1528 1955 2164 2197 2225 2330 2332 2651" num_conflicts="    23" tgt="WDC1_0030" overlap="34.951" volume="4.70077" id="  2701" src="WDC1_0045" xf="4.89567115800000007830e-01 8.71965618099999950630e-01 0.00000000000000000000e+00 -1.84684089399999997738e+01 -8.71965618099999950630e-01 4.89567115800000007830e-01 0.00000000000000000000e+00 -5.08093313500000007821e+01 0.00000000000000000000e+00 0.00000000000000000000e+00 1.00000000000000000000e+00 0.00000000000000000000e+00 0.00000000000000000000e+00 0.00000000000000000000e+00 0.00000000000000000000e+00 1.00000000000000000000e+00 " />
 <match status="0" error="0.280742" old_volume="0.338763" tgt="WDC1_0030" overlap="82.5494" volume="15.2495" id="  2702" src="WDC1_0045" xf="-5.06188238999999984280e-01 -8.62423020799999995312e-01 0.00000000000000000000e+00 4.52270212900000032619e+01 8.62423020799999995312e-01 -5.06188238999999984280e-01 0.00000000000000000000e+00 1.53725331700000005242e+01 0.00000000000000000000e+00 0.00000000000000000000e+00 1.00000000000000000000e+00 0.00000000000000000000e+00 0.00000000000000000000e+00 0.00000000000000000000e+00 0.00000000000000000000e+00 1.00000000000000000000e+00 " />
 <match status="0" error="0.177643" old_volume="0.113846" tgt="WDC1_0030" overlap="38.1514" volume="16.8966" id="  2703" src="WDC1_0046" xf="9.98886858800000054792e-01 -4.71703647599999997819e-02 0.00000000000000000000e+00 -2.39500910799999999767e+01 4.71703647599999997819e-02 9.98886858800000054792e-01 0.00000000000000000000e+00 -2.29061591600000014068e+01 0.00000000000000000000e+00 0.00000000000000000000e+00 1.00000000000000000000e+00 0.00000000000000000000e+00 0.00000000000000000000e+00 0.00000000000000000000e+00 0.00000000000000000000e+00 1.00000000000000000000e+00 " />
 <match status="0" error="0.191971" old_volume="0.0819966" conflict="2713 2689 2836 2970 3119 3246 458 659 1308 1349 1445 1447 1580 1582 2094 2375 2519 2832 201 3223 3234 857 985 1072 1073 1128 1162 1896" num_conflicts="    11" tgt="WDC1_0030" overlap="5.92896" volume="2.50535" id="  2704" src="WDC1_0046" xf="8.83499398600000040993e-01 -4.68432292699999974772e-01 0.00000000000000000000e+00 -4.70773238199999966014e+01 4.68432292600000022009e-01 8.83499398600000040993e-01 0.00000000000000000000e+00 3.58962640900000025113e+01 0.00000000000000000000e+00 0.00000000000000000000e+00 1.00000000000000000000e+00 0.00000000000000000000e+00 0.00000000000000000000e+00 0.00000000000000000000e+00 0.00000000000000000000e+00 1.00000000000000000000e+00 " />
 <match status="0" error="0.204561" old_volume="0.11464" tgt="WDC1_0030" overlap="33.2751" volume="5.28453" id="  2705" src="WDC1_0047" xf="9.98102396800000013499e-01 -6.15760135999999999590e-02 0.00000000000000000000e+00 1.19606406799999991364e+01 6.15760135999999999590e-02 9.98102396800000013499e-01 0.00000000000000000000e+00 8.24549521999999939226e+01 0.00000000000000000000e+00 0.00000000000000000000e+00 1.00000000000000000000e+00 0.00000000000000000000e+00 0.00000000000000000000e+00 0.00000000000000000000e+00 0.00000000000000000000e+00 1.00000000000000000000e+00 " />
 <match status="0" error="0.239922" old_volume="0.317059" conflict="2664 2667 2675 2680 432 441 447 460 684 988 1356 1578 1579 1581 1650 1825 1827 2055 3211 1211 1960 1988 2547" num_conflicts="     8" tgt="WDC1_0030" overlap="61.0656" volume="4.52049" id="  2706" src="WDC1_0047" xf="5.88979272300000022966e-01 -8.08148140400000047912e-01 0.00000000000000000000e+00 -6.70499568299999992860e+01 8.08148140400000047912e-01 5.88979272300000022966e-01 0.00000000000000000000e+00 -1.64197512600000017358e+01 0.00000000000000000000e+00 0.00000000000000000000e+00 1.00000000000000000000e+00 0.00000000000000000000e+00 0.00000000000000000000e+00 0.00000000000000000000e+00 0.00000000000000000000e+00 1.00000000000000000000e+00 " />
 <match status="0" error="0.2404" old_volume="0.214991" tgt="WDC1_0030" overlap="45.6467" volume="9.47157" id="  2707" src="WDC1_0047" xf="9.28871959199999985834e-01 -3.70400976499999978753e-01 0.00000000000000000000e+00 5.78046766900000008604e+01 3.70400976499999978753e-01 9.28871959199999985834e-01 0.00000000000000000000e+00 8.78250247499999936451e+00 0.00000000000000000000e+00 0.00000000000000000000e+00 1.00000000000000000000e+00 0.00000000000000000000e+00 0.00000000000000000000e+00 0.00000000000000000000e+00 0.00000000000000000000e+00 1.00000000000000000000e+00 " />
 <match status="0" error="0.20172" old_volume="0.155438" conflict="2671 2689 2747 2748 2787 2890 3153 3154 3225 299 435 444 458 933 1248 1249 1250 1311 2380 2588 1128 2178" num_conflicts="     3" tgt="WDC1_0030" overlap="1.47433" volume="1.13925" id="  2708" src="WDC1_0048" xf="1.42183085799999997523e-01 -9.89840376099999974535e-01 0.00000000000000000000e+00 -4.26380483200000028887e+01 9.89840376099999974535e-01 1.42183085799999997523e-01 0.00000000000000000000e+00 6.50178628900000035173e+01 0.00000000000000000000e+00 0.00000000000000000000e+00 1.00000000000000000000e+00 0.00000000000000000000e+00 0.00000000000000000000e+00 0.00000000000000000000e+00 0.00000000000000000000e+00 1.00000000000000000000e+00 " />
 <match status="0" error="0.203761" old_volume="0.137683" tgt="WDC1_0030" overlap="9.75735" volume="25.4144" id="  2709" src="WDC1_0049" xf="3.88699567500000009446e-01 9.21364556600000050857e-01 0.00000000000000000000e+00 7.71258689900000007356e+01 -9.21364556600000050857e-01 3.88699567500000009446e-01 0.00000000000000000000e+00 -4.04303801300000031915e+01 0.00000000000000000000e+00 0.00000000000000000000e+00 1.00000000000000000000e+00 0.00000000000000000000e+00 0.00000000000000000000e+00 0.00000000000000000000e+00 0.00000000000000000000e+00 1.00000000000000000000e+00 " />
 <match status="0" error="0.130761" old_volume="0.0774523" conflict="2710 2664 2751 2752 2754 2717 2735 2743 2747 2748 2985 152 215 461 462 3271 3272 1130 1497 1861 1930 1931 2492 2601 2847 3018 3157 868 1172 1459 1908 2592" num_conflicts="     9" tgt="WDC1_0031" overlap="10.7354" volume="4.35862" id="  2750" src="WDC1_0050" xf="-9.75802475099999955255e-01 2.18653903499999996418e-01 0.00000000000000000000e+00 4.22226193899999984183e+01 -2.18653903499999996418e-01 -9.75802475099999955255e-01 0.00000000000000000000e+00 5.83195858699999973851e+01 0.00000000000000000000e+00 0.00000000000000000000e+00 1.00000000000000000000e+00 0.00000000000000000000e+00 0.00000000000000000000e+00 0.00000000000000000000e+00 0.00000000000000000000e+00 1.00000000000000000000e+00 " />
